[1.1103299858060218, 1.1101983219038492, 1.1057391701070187, 1.2000695052779153, 1.218659924540414]
1.14899938153
Lidar is at: 
0.410069274649 -0.038999381527


hough matrix has 72columns
hough matrix has 20rows
19	19	19	18	18	17	20	24	27	30	32	35	38	40	42	45	56	75	96	76	57	45	43	41	38	36	34	31	28	24	21	18	19	19	20	20	20	19	19	19	22	26	31	34	38	41	43	46	48	48	49	50	41	21	1	19	39	50	48	48	47	45	43	40	37	33	30	26	21	18	18	18	
18	19	19	20	20	20	15	17	20	22	25	28	30	34	55	76	85	89	88	91	88	77	55	35	31	27	24	22	20	18	15	20	19	20	19	19	18	19	18	26	34	40	45	49	53	54	56	54	53	53	32	11	0	0	0	0	0	9	31	51	54	55	53	55	53	48	45	40	34	26	18	19	
19	18	19	19	19	20	21	13	15	17	21	40	59	79	80	77	80	73	75	75	78	80	81	77	60	42	20	17	15	13	20	20	20	20	19	19	19	17	33	52	61	66	69	71	68	63	61	41	20	0	0	0	0	0	0	0	0	0	0	0	18	39	63	63	64	69	69	62	61	50	33	17	
17	20	19	20	20	20	22	35	39	59	72	72	72	69	64	63	61	66	65	63	62	61	65	73	73	74	79	62	44	35	21	20	21	19	19	18	17	57	102	118	107	100	90	67	42	23	1	0	0	0	0	0	0	0	0	0	0	0	0	0	0	0	0	21	45	69	95	103	103	115	104	59	
286	175	132	105	106	106	109	101	97	76	68	62	55	56	54	56	52	53	51	52	53	55	53	52	57	60	64	73	95	109	114	111	109	117	133	178	287	229	149	86	57	29	6	0	0	0	0	0	0	0	0	0	0	0	0	0	0	0	0	0	0	0	0	0	0	0	0	28	60	90	146	226	
0	128	145	140	116	103	92	83	74	68	54	51	50	45	46	41	44	42	43	43	41	41	45	45	47	52	54	68	72	77	92	99	114	128	149	127	0	0	0	0	0	0	0	0	0	0	0	0	0	0	0	0	0	0	0	0	0	0	0	0	0	0	0	0	0	0	0	0	0	0	0	0	
0	0	46	71	77	73	72	70	64	62	60	39	39	37	33	36	33	33	32	33	35	37	37	40	41	37	55	61	66	70	67	74	72	71	42	0	0	0	0	0	0	0	0	0	0	0	0	0	0	0	0	0	0	0	0	0	0	0	0	0	0	0	0	0	0	0	0	0	0	0	0	0	
0	0	0	26	47	53	52	53	55	53	49	50	28	28	31	27	28	28	28	28	28	28	27	27	28	55	57	54	53	53	54	50	48	27	0	0	0	0	0	0	0	0	0	0	0	0	0	0	0	0	0	0	0	0	0	0	0	0	0	0	0	0	0	0	0	0	0	0	0	0	0	0	
0	0	0	0	16	38	42	46	47	46	50	51	53	27	23	23	23	24	23	24	23	24	24	24	51	46	47	49	44	43	43	39	19	0	0	0	0	0	0	0	0	0	0	0	0	0	0	0	0	0	0	0	0	0	0	0	0	0	0	0	0	0	0	0	0	0	0	0	0	0	0	0	
0	0	0	0	0	9	33	35	42	45	46	49	50	55	34	20	19	18	19	19	19	17	33	58	50	46	44	43	41	36	31	10	0	0	0	0	0	0	0	0	0	0	0	0	0	0	0	0	0	0	0	0	0	0	0	0	0	0	0	0	0	0	0	0	0	0	0	0	0	0	0	0	
0	0	0	0	0	0	1	22	31	36	43	43	51	57	64	56	18	16	15	13	15	58	64	54	50	50	40	35	33	23	3	0	0	0	0	0	0	0	0	0	0	0	0	0	0	0	0	0	0	0	0	0	0	0	0	0	0	0	0	0	0	0	0	0	0	0	0	0	0	0	0	0	
0	0	0	0	0	0	0	0	8	25	33	41	46	51	64	83	115	111	136	104	116	77	65	54	48	35	36	26	10	0	0	0	0	0	0	0	0	0	0	0	0	0	0	0	0	0	0	0	0	0	0	0	0	0	0	0	0	0	0	0	0	0	0	0	0	0	0	0	0	0	0	0	
0	0	0	0	0	0	0	0	0	0	6	18	28	41	49	56	65	71	48	80	66	61	49	41	27	21	7	0	0	0	0	0	0	0	0	0	0	0	0	0	0	0	0	0	0	0	0	0	0	0	0	0	0	0	0	0	0	0	0	0	0	0	0	0	0	0	0	0	0	0	0	0	
0	0	0	0	0	0	0	0	0	0	0	0	0	0	0	0	0	0	0	0	0	0	0	0	0	0	0	0	0	0	0	0	0	0	0	0	0	0	0	0	0	0	0	0	0	0	0	0	0	0	0	0	0	0	0	0	0	0	0	0	0	0	0	0	0	0	0	0	0	0	0	0	
0	0	0	0	0	0	0	0	0	0	0	0	0	0	0	0	0	0	0	0	0	0	0	0	0	0	0	0	0	0	0	0	0	0	0	0	0	0	0	0	0	0	0	0	0	0	0	0	0	0	0	0	0	0	0	0	0	0	0	0	0	0	0	0	0	0	0	0	0	0	0	0	
0	0	0	0	0	0	0	0	0	0	0	0	0	0	0	0	0	0	0	0	0	0	0	0	0	0	0	0	0	0	0	0	0	0	0	0	0	0	0	0	0	0	0	0	0	0	0	0	0	0	0	0	0	0	0	0	0	0	0	0	0	0	0	0	0	0	0	0	0	0	0	0	
0	0	0	0	0	0	0	0	0	0	0	0	0	0	0	0	0	0	0	0	0	0	0	0	0	0	0	0	0	0	0	0	0	0	0	0	0	0	0	0	0	0	0	0	0	0	0	0	0	0	0	0	0	0	0	0	0	0	0	0	0	0	0	0	0	0	0	0	0	0	0	0	
0	0	0	0	0	0	0	0	0	0	0	0	0	0	0	0	0	0	0	0	0	0	0	0	0	0	0	0	0	0	0	0	0	0	0	0	0	0	0	0	0	0	0	0	0	0	0	0	0	0	0	0	0	0	0	0	0	0	0	0	0	0	0	0	0	0	0	0	0	0	0	0	
0	0	0	0	0	0	0	0	0	0	0	0	0	0	0	0	0	0	0	0	0	0	0	0	0	0	0	0	0	0	0	0	0	0	0	0	0	0	0	0	0	0	0	0	0	0	0	0	0	0	0	0	0	0	0	0	0	0	0	0	0	0	0	0	0	0	0	0	0	0	0	0	
0	0	0	0	0	0	0	0	0	0	0	0	0	0	0	0	0	0	0	0	0	0	0	0	0	0	0	0	0	0	0	0	0	0	0	0	0	0	0	0	0	0	0	0	0	0	0	0	0	0	0	0	0	0	0	0	0	0	0	0	0	0	0	0	0	0	0	0	0	0	0	0	

