[[84 227 165 ..., 249 254 63]
 [39 49 0 ..., 30 245 63]
 [185 30 245 ..., 159 234 63]
 ..., 
 [50 8 4 ..., 206 247 63]
 [218 206 247 ..., 118 238 63]
 [201 118 238 ..., 0 192 127]]
[[44 135 166 ..., 249 254 63]
 [195 245 0 ..., 182 243 63]
 [70 182 243 ..., 159 234 63]
 ..., 
 [50 8 4 ..., 206 247 63]
 [218 206 247 ..., 118 238 63]
 [201 118 238 ..., 0 192 127]]
[[19 131 176 ..., 249 254 63]
 [195 245 0 ..., 30 245 63]
 [185 30 245 ..., 159 234 63]
 ..., 
 [48 221 4 ..., 206 247 63]
 [218 206 247 ..., 118 238 63]
 [201 118 238 ..., 0 192 127]]
